[fondo.JPG]
filters=bw=1;radblur=1,0.500000,0.500000,-1.000000,-0.894737;radblur=1,0.500000,0.500000,-1.000000,-0.660819;
moddate=00006b8569d30000
width=4608
height=3072
textactive=0
